1585040735
1585041319
1585041937
1585042597
1585043274
1585043936
1585044422
1585044883
1585045541
1585046200
1585046863
1585047538
1585048038
1585048523
1585049145
1585049805
1585050467
1585051147
1585051693
1585052159
1585052747
1585053408
1585054070
1585054745
1585055214
1585055692
1585056379
1585057023
1585057676
1585058353
1585058816
1585059315
1585059934
1585060605
1585061260
1585061922
1585062403
1585062897
1585063545
1585064208
1585064863
1585065509
1585066011
1585066503
1585067133
1585067788
1585068469
1585069111
1585069596
